9149419
1532351
7913197
1177711
1452541
3842483
1489841
9918199
7246427
3026203
9286829
1714171
1628261
7985897
3331333
3781873
9174719
3864683
7600067
3196913
1532351
3517153
7250527
3563653
1968691
1338331
3160613
7388837
7669667
3591953
1437341
1851581
9752579
1437341
3485843
3746473
7475747
3245423
1551551
1970791
9440449
9921299
1193911
9801089
9801089
1280821
1464641
1126211
1489841
3765673
1253521
7669667
3924293
3591953
9433349
1643461
3212123
3073703
9788879
3252523
7985897
9277729
9781879
7718177
7747477
1598951
7466647
9807089
7564657
9989899
3858583
9989899
9817189
9042409
3286823
9602069
7141417
1903091
3211123
3942493
9329239
9043409
3449443
9981899
7960697
3732373
3918193
3893983
9727279
9889889
9889889
1646461
1881881
1660661
3635363
9255529
1761671
1074701
1988891
1390931
1215121
1085801
1557551
1597951
3337333
1903091
7466647
9440449
1074701
7250527
3826283
7215127
3158513
9918199
3646463
7136317
9978799
1250521
7913197
7065607
1145411
3441443
7941497
9556559
1508051
9433349
1276721
9801089
1703071
1908091
1881881
3321233
9110119
1684861
9822289
3646463
9329239
9149419
1909091
1936391
3026203
7381837
9896989
9871789
9921299
3103013
3283823
1281821
3853583
9440449
1883881
7820287
1286821
3072703
3310133
1820281
1542451
3964693
9045409
9526259
1303031
3001003
7586857
7562657
1464641
7314137
3228223
1496941
9076709
7594957
7392937
7158517
1707071
7821287
3075703
7562657
7409047
9103019
7933397
3627263
3991993
9271729
7314137
9624269
7041407
3503053
1968691
1688861
1936391
1177711
9042409
7354537
1684861
1150511
1580851
1643461
1880881
1177711
7057507
7778777
7046407
9902099
7958597
9935399
9938399
9926299
9433349
1879781
3400043
3083803
3589853
7177717
1280821
7461647
3443443
7073707
1968691
3256523
1280821
3072703
3380833
1145411
1496941
1311131
1447441
9779779
7129217
1714171
1730371
1688861
7985897
3026203
7654567
7069607
7783877
3799973
7742477
3315133
7518157
7564657
9529259
1987891
7794977
3722273
9916199
9351539
3331333
7115117
9787879
1684861
1600061
7507057
3001003
7576757
1908091
1826281
7194917
1820281
3337333
3913193
3307033
3763673
9196919
1879781
3315133
1062601
3591953
7489847
1865681
9049409
1842481
1565651
1008001
3424243
7594957
9770779
7314137
1805081
7087807
9836389
9624269
3717173
9896989
7434347
1268621
3774773
1963691
1984891
9329239
1409041
3425243
9795979
7409047
1253521
9320239
3680863
1303031
1180811
1461641
1390931
1930391
1685861
1968691
9200029
1287821
7832387
9923299
7782877
3315133
1532351
3721273
3806083
7249427
7014107
9128219
1513151
9400049
9776779
1411141
7434347
3732373
7177717
9852589
7115117
3607063
9926299
1941491
3829283
1160611
9179719
3553553
1311131
3646463
7257527
3353533
3103013
9128219
1281821
9015109
7041407
9577759
7436347
1611161
1281821
9231329
7327237
3994993
3991993
7960697
1390931
1055501
9492949
1884881
7489847
3927293
3064603
7401047
9787879
3155513
1703071
3400043
1793971
7521257
3222223
1600061
3793973
3288823
9714179
7261627
3558553
3305033
7267627
7764677
1287821
7941497
3258523
7594957
7246427
1513151
1218121
1126211
1865681
7782877
3916193
7916197
1969691
9788879
1643461
9626269
1508051
1390931
7600067
9174719
1193911
3607063
1160611
3016103
3763673
1456541
9938399
7415147
1876781
9231329
9230329
7891987
3353533
3400043
1853581
9632369
7278727
3343433
1411141
1092901
1242421
9779779
1150511
7310137
9907099
1805081
3072703
7985897
3871783
1175711
1987891
1245421
7215127
3646463
9529259
1183811
9400049
3586853
9091909
3871783
1903091
9024209
7666667
7831387
3293923
1968691
1280821
9749479
1628261
1333331
7820287
7838387
7821287
7594957
3460643
3196913
7046407
1579751
3304033
9332339
3417143
3709073
7949497
7141417
3728273
3315133
1988891
3236323
7856587
3365633
9604069
7436347
9269629
7145417
1941491
3187813
3927293
1447441
1597951
1300031
9787879
1065601
3842483
9318139
9037309
1286821
7856587
3391933
7778777
1903091
3193913
9222229
7867687
7215127
3443443
1968691
1276721
3899983
1556551
9067609
7930397
1062601
1853581
9351539
1175711
1390931
3267623
3558553
3728273
3793973
7916197
1327231
9067609
9230329
9733379
1338331
3997993
7409047
7475747
1628261
1328231
1583851
9602069
3853583
7069607
3773773
1695961
3708073
1793971
3392933
9002009
3689863
3196913
7439347
1580851
1565651
9042409
1508051
3722273
7115117
7750577
9477749
3193913
9042409
1842481
1551551
3586853
1688861
1022201
3867683
7452547
3228223
7156517
9400049
7354537
3853583
1245421
9433349
9908099
7249427
3621263
1513151
7668667
7758577
1508051
7136317
7314137
1936391
3792973
9807089
7508057
3618163
1300031
3223223
9632369
3089803
1883881
1242421
7141417
7096907
9902099
9820289
9601069
9926299
7957597
1126211
1043401
3948493
7747477
3762673
7674767
1145411
3918193
7949497
7177717
7941497
9002009
7941497
9446449
7403047
3319133
7742477
7662667
3997993
3362633
7733377
9067609
3867683
1496941
1208021
9136319
7041407
9585859
1654561
3722273
7392937
7141417
7867687
1941491
7365637
1734371
1486841
1409041
3291923
7696967
3283823
3380833
9908099
1884881
3083803
1120211
3365633
3709073
7935397
7354537
3391933
3607063
7662667
1117111
1043401
9650569
9280829
3392933
3899983
1452541
9217129
1328231
1120211
1486841
3689863
3878783
7718177
1589851
7087807
7129217
7489847
3321233
3997993
1338331
3553553
7722277
9433349
9556559
9670769
9818189
3991993
7742477
1193911
7507057
7082807
3563653
9889889
3858583
1281821
1535351
3721273
7958597
1936391
7562657
3867683
7082807
9526259
3343433
9752579
1300031
3708073
9620269
9888889
9758579
9440449
9169619
7733377
1335331
9634369
3743473
1333331
1684861
1832381
3994993
7057507
3026203
9067609
9329239
7666667
1134311
7807087
1444441
9782879
7933397
9280829
7250527
9400049
7466647
3073703
7681867
9209029
1092901
1657561
3272723
7401047
9938399
9916199
3515153
7654567
7856587
7742477
1190911
7668667
9602069
7791977
9043409
7562657
1883881
7600067
9836389
1186811
3417143
7868687
7215127
3072703
9558559
3424243
1163611
1335331
7930397
1317131
7669667
1035301
7093907
1658561
7093907
1286821
7087807
3998993
1987891
9231329
3260623
1654561
1253521
9714179
9222229
1212121
3698963
1253521
3293923
1300031
9935399
1734371
7347437
9585859
3441443
1903091
3319133
7519157
1542451
3307033
1842481
7507057
3441443
3228223
7226227
7778777
7352537
1695961
3315133
3193913
1120211
9919199
3589853
7831387
7354537
1300031
1876781
9657569
3814183
3439343
7436347
3211123
3708073
9776779
3065603
9601069
3072703
3127213
9526259
1196911
1520251
3722273
7177717
1969691
7177717
3863683
7155517
1600061
9758579
1654561
3427243
1616161
1703071
9807089
1565651
3858583
1117111
7681867
7782877
3181813
7436347
3927293
3425243
3970793
3970793
7715177
7134317
3223223
3368633
1452541
7100017
3717173
1616161
1317131
9989899
7129217
7452547
1876781
1193911
1755571
7821287
1183811
7158517
7681867
3222223
9558559
1411141
9128219
1022201
1712171
9889889
3635363
7619167
1469641
7668667
9397939
9935399
3983893
3064603
7958597
9624269
7619167
3586853
1853581
7194917
9375739
7778777
9451549
1764671
3222223
1268621
9128219
1963691
3769673
1556551
9817189
3814183
7100017
9504059
3106013
9852589
9199919
9440449
3411143
3425243
3994993
1520251
3392933
9749479
7035307
9632369
3293923
1257521
3272723
7159517
3337333
9927299
9492949
7194917
3858583
3563653
9788879
3103013
9477749
9921299
7439347
3762673
9781879
1909091
1300031
1145411
7916197
9724279
3001003
3553553
3380833
7622267
1464641
7941497
9495949
9807089
7392937
7156517
9037309
1616161
3643463
1520251
3732373
7564657
3728273
9042409
9809089
7489847
9277729
7622267
7381837
1532351
1300031
3842483
3517153
3293923
3155513
7302037
3283823
9199919
7722277
1658561
3607063
3391933
9686869
3541453
7600067
7472747
7654567
7693967
1823281
9754579
3918193
7873787
7821287
3304033
3869683
9433349
9185819
7782877
1884881
9419149
3452543
7897987
7324237
7082807
1695961
3283823
3618163
3321233
1957591
3106013
9397939
1579751
1262621
1120211
9558559
1903091
1496941
7791977
1280821
1250521
3553553
9801089
7778777
7057507
3842483
9073709
9451549
9043409
7362637
9529259
3212123
9709079
1300031
1654561
3722273
1175711
1820281
1703071
7324237
9212129
9547459
3768673
3286823
3252523
3331333
7093907
3411143
7155517
3425243
9610169
9046409
1670761
3689863
7681867
9223229
3160613
9724279
3288823
9514159
1853581
3594953
1952591
7046407
1764671
1085801
3228223
9923299
3997993
1600061
9620269
1253521
9709079
1998991
7057507
3223223
7722277
9127219
9209029
3948493
1409041
1287821
9558559
3607063
7884887
1685861
1917191
3425243
7850587
7722277
9610169
1628261
9561659
7041407
7867687
9561659
7662667
7665667
9923299
1196911
3528253
9743479
3517153
1703071
7439347
3924293
7772777
1311131
9935399
7867687
3329233
3293923
1235321
1880881
1880881
9078709
7930397
1242421
3924293
3427243
3769673
1268621
7654567
9338339
3487843
7278727
3964693
3283823
3784873
7403047
7747477
1043401
9871789
1201021
3452543
1730371
9781879
3479743
1824281
7436347
1535351
1175711
7079707
1598951
9493949
3160613
9921299
9073709
7984897
9357539
1793971
9440449
9529259
9727279
7662667
9136319
3768673
1243421
9049409
3680863
9397939
7681867
1557551
9400049
7611167
7250527
1820281
3331333
1278721
9916199
3073703
3916193
3997993
3515153
9586859
3994993
9932399
3799973
7388837
7362637
1646461
7729277
7984897
3799973
9199919
9918199
7155517
9852589
1572751
9212129
9752579
7084807
3400043
7436347
9320239
3528253
7681867
7783877
7897987
7246427
7576757
3135313
7087807
9199919
3470743
3319133
9923299
1643461
3103013
7226227
9711179
9871789
9397939
3285823
3517153
7035307
9919199
9318139
3368633
3089803
7527257
3272723
9779779
7600067
9807089
7115117
7521257
7821287
1245421
3411143
3452543
9916199
3267623
3392933
3893983
3155513
7069607
1180811
9820289
1831381
3916193
1998991
9109019
1082801
1193911
1193911
7036307
1390931
1317131
3103013
9711179
1714171
3765673
3252523
9136319
1208021
1343431
3075703
1865681
3321233
3558553
9529259
1865681
9439349
9529259
1196911
1008001
1714171
3792973
1374731
7783877
1695961
7096907
3558553
1883881
1183811
1565651
9650569
7381837
3774773
3007003
9024209
3187813
3166613
7118117
1658561
3106013
9762679
1335331
1685861
7136317
7194917
1714171
3698963
9492949
9446449
1876781
3670763
7592957
1968691
3517153
7600067
7540457
1646461
3439343
1123211
9493949
9700079
1761671
3689863
3343433
3444443
1856581
3293923
7611167
1579751
9109019
1556551
1856581
3765673
9583859
1630361
9002009
3528253
3160613
9604069
3927293
3812183
9200029
9280829
1628261
7913197
1129211
3140413
3441443
3315133
1160611
7977797
7930397
1611161
9749479
3187813
9495949
9451549
7489847
1598951
1407041
7436347
7949497
1572751
3970793
1611161
1616161
1412141
1082801
7913197
3991993
1134311
9634369
7666667
1924291
3272723
3072703
7996997
3321233
3288823
9781879
9318139
9752579
3732373
1670761
7508057
3260623
3089803
1957591
3836383
9076709
3222223
1338331
1268621
7662667
3470743
3994993
9921299
1998991
9514159
9149419
7987897
7518157
9318139
3927293
3095903
3016103
1114111
9046409
7933397
1193911
3400043
7507057
1670761
7276727
7452547
3187813
1035301
9583859
3589853
7087807
3073703
1557551
7226227
9957599
1761671
9822289
3106013
9222229
1120211
7246427
1826281
1909091
7159517
1065601
3343433
3485843
7354537
9604069
7177717
1532351
3089803
1633361
9223229
1092901
1464641
7065607
1734371
7114117
1714171
1043401
7696967
7392937
3994993
7156517
1412141
1469641
1469641
7388837
3594953
7987897
1829281
9149419
9046409
7985897
1654561
3026203
7856587
1190911
3774773
7461647
7821287
3241423
1074701
9179719
1469641
7256527
7630367
3460643
7475747
9932399
3768673
9046409
7365637
1597951
1842481
3181813
3680863
3380833
7632367
3329233
1452541
7388837
7267627
3869683
3392933
7868687
7352537
3991993
9902099
9255529
1654561
7466647
7300037
7403047
9091909
7486847
3305033
1180811
3607063
9965699
9836389
1190911
7630367
1685861
1993991
9602069
9686869
3441443
9888889
7518157
9230329
7832387
1114111
3293923
3392933
3127213
7434347
1333331
7666667
3708073
9670769
1654561
7696967
1327231
1085801
3991993
9526259
3728273
9091909
9037309
9320239
1363631
9927299
3826283
1196911
9938399
7065607
7722277
3842483
1832381
3806083
3400043
1688861
3368633
1489841
7461647
9561659
1542451
3272723
3307033
3212123
9493949
1327231
7136317
3064603
3331333
3411143
9561659
9397939
1880881
1824281
3717173
7100017
9908099
1464641
7782877
7865687
9446449
9634369
9743479
3670763
7352537
9626269
3187813
7935397
7960697
3899983
3089803
9916199
1126211
3853583
1712171
3198913
3804083
7820287
7891987
3997993
3673763
1123211
7439347
9583859
3380833
7783877
9492949
1092901
1831381
9957599
1253521
3558553
3293923
3288823
3871783
1777771
7564657
3140413
1120211
3256523
1660661
9657569
1464641
1981891
3083803
7093907
9439349
1988891
7674767
7347437
3258523
9446449
7100017
3590953
7718177
1670761
7941497
9836389
1684861
9908099
1278721
7985897
1062601
9801089
9724279
1028201
7884887
7035307
9788879
9657569
1755571
3291923
9795979
1303031
3997993
9762679
3927293
7941497
3103013
1646461
7843487
1600061
1881881
7938397
7718177
7158517
7084807
3479743
1208021
7136317
7690967
9514159
3103013
9809089
3781873
3362633
9024209
7681867
7644467
3768673
3140413
1193911
1924291
3310133
3228223
3307033
9128219
7452547
3241423
1895981
3140413
9978799
1876781
9149419
3591953
7518157
7772777
3267623
1823281
7354537
7291927
9732379
9529259
3196913
3503053
1556551
9632369
9727279
3337333
3425243
3103013
7594957
1360631
1737371
7665667
3315133
7868687
9067609
7347437
9610169
1215121
9938399
9752579
9338339
1444441
9149419
3528253
9852589
7475747
3321233
9889889
3804083
1278721
7521257
3441443
1557551
3258523
3517153
1360631
7114117
3329233
3774773
9916199
1616161
3160613
1941491
3836383
3765673
7949497
3601063
3722273
3075703
9397939
3228223
3916193
9888889
7758577
1820281
3479743
1952591
1542451
3252523
7850587
7733377
9212129
7508057
7985897
3449443
1003001
3913193
7073707
7475747
7916197
9809089
7118117
3424243
1646461
3994993
3728273
7985897
3288823
7388837
9110119
3258523
7576757
3181813
1597951
3181813
7838387
1976791
3769673
9433349
3089803
3223223
7758577
1695961
7772777
9686869
9556559
1003001
3310133
3994993
3196913
7938397
9446449
7850587
3864683
1175711
7586857
7141417
1995991
9733379
3089803
1028201
3769673
9289829
7087807
9271729
9743479
3479743
9809089
7087807
1235321
1881881
9610169
9807089
3304033
1456541
7347437
3364633
3814183
1145411
1646461
3106013
1832381
3762673
3924293
3106013
7662667
3991993
7115117
3774773
7291927
3331333
3424243
3983893
1469641
7783877
9231329
3073703
1903091
1969691
7527257
3773773
3913193
1831381
1832381
3016103
3858583
9076709
9818189
9433349
3946493
3635363
1930391
7401047
1640461
9103019
7831387
1884881
1253521
7177717
1268621
9981899
9504059
3829283
7257527
3998993
7564657
7850587
1281821
7434347
1883881
3784873
3698963
3924293
9852589
7065607
1153511
1936391
3998993
1212121
1703071
3769673
1734371
1924291
7324237
1657561
3569653
1335331
7084807
9324239
1703071
1134311
1829281
1657561
1963691
3291923
9670769
1363631
7884887
9286829
1832381
7794977
7957597
3307033
3466643
1580851
1412141
9046409
1327231
1761671
1243421
1287821
1371731
7136317
7873787
3064603
3589853
3441443
7403047
7439347
9918199
3400043
1903091
7485847
3558553
1374731
3236323
9558559
9762679
7774777
7831387
3673763
9788879
3899983
1411141
3563653
1335331
9470749
1958591
1422241
3793973
3927293
7327237
7747477
1982891
9128219
7392937
9801089
3001003
7486847
1734371
3337333
7300037
3829283
9286829
3236323
7564657
3769673
1444441
3867683
1114111
7276727
7261627
9620269
3319133
3447443
1654561
1150511
3964693
1969691
1215121
3763673
1598951
9889889
7434347
3717173
9271729
3193913
3553553
7065607
9852589
1550551
9128219
3222223
3931393
3607063
1085801
9981899
1730371
1409041
3806083
3784873
3198913
9103019
7985897
3722273
1444441
1730371
3643463
9280829
3946493
9918199
9818189
1579751
3485843
7764677
3307033
7136317
3746473
9836389
1535351
1658561
7693967
7362637
3485843
3717173
3095903
9318139
3315133
1303031
7475747
9271729
7014107
7267627
7267627
9752579
7644467
9931399
7527257
1600061
9400049
7696967
9650569
3103013
9049409
3864683
7041407
7733377
7666667
3768673
1712171
3140413
9602069
3804083
1802081
1242421
7632367
9632369
1879781
1551551
1447441
3222223
3211123
3487843
9199919
3721273
7562657
3449443
7327237
1374731
1764671
1883881
3589853
1250521
3291923
3867683
3924293
9271729
9583859
3553553
1074701
7935397
1452541
1508051
1390931
1831381
7622267
9024209
1609061
1853581
9136319
3233323
1657561
7690967
3285823
7115117
1201021
9820289
1734371
9931399
7073707
9419149
9149419
3594953
7957597
1338331
1909091
7065607
1273721
1734371
3362633
7540457
7472747
1820281
3618163
3717173
9547459
1221221
9043409
3228223
9935399
3946493
3784873
3858583
9280829
1287821
1444441
9585859
9822289
1957591
1208021
7035307
3391933
3878783
1714171
9837389
7669667
9923299
7819187
1657561
3002003
9935399
1684861
1333331
9209029
1832381
9650569
9670769
7118117
7035307
1670761
9989899
9199919
3558553
7960697
1145411
1186811
9338339
1300031
7592957
3285823
7246427
3187813
9711179
9807089
7194917
9670769
3127213
9727279
9271729
7916197
3746473
3365633
3799973
9185819
1335331
3256523
3065603
1028201
1461641
3927293
1823281
1245421
7662667
3698963
9271729
9762679
9782879
1486841
1287821
1878781
9709079
7250527
7630367
3001003
3728273
9787879
3103013
7136317
9776779
7409047
3103013
9926299
1281821
1987891
3946493
7764677
3343433
1074701
1008001
9495949
7576757
3127213
7485847
3948493
1276721
3970793
1286821
9078709
9601069
1311131
9076709
3994993
9329239
1496941
3065603
9255529
1703071
7644467
9169619
9602069
3166613
7996997
3304033
7696967
1878781
9586859
9817189
7733377
7783877
3417143
3411143
3774773
1879781
3541453
7439347
1286821
3252523
1278721
3425243
1196911
1186811
9222229
1452541
9626269
1589851
3763673
1328231
1160611
3938393
1371731
7843487
9754579
1532351
9601069
7747477
7226227
1876781
3869683
1998991
1924291
1832381
7984897
3594953
9931399
7821287
9801089
7493947
3016103
3286823
3607063
3994993
1343431
9495949
9277729
7249427
1177711
1180811
7114117
7778777
1755571
1328231
9136319
3722273
1456541
9320239
9280829
7249427
1085801
9908099
3918193
1748471
9231329
1802081
9384839
9375739
9779779
9173719
3329233
7381837
7938397
7145417
1952591
3158513
1065601
7733377
9776779
3732373
1609061
3858583
9561659
9015109
7865687
9724279
1317131
3007003
3942493
3443443
3368633
9586859
9923299
3193913
7742477
7035307
7832387
9199919
1688861
7249427
3746473
7365637
3155513
9836389
1160611
7729277
7665667
3997993
1995991
9277729
9686869
1976791
9762679
1055501
3362633
7576757
1984891
3991993
3135313
7674767
7452547
3893983
9185819
7485847
3698963
3716173
1286821
3991993
3569653
7014107
3364633
1777771
3709073
1984891
7960697
9585859
1737371
7310137
1616161
1556551
1583851
3913193
3867683
9801089
3425243
3938393
1865681
1343431
3218123
3814183
3591953
7276727
7696967
3878783
9049409
1957591
3337333
1876781
7772777
9042409
3836383
1242421
7115117
1970791
9732379
3991993
1616161
3814183
7472747
7984897
1628261
3198913
9762679
7466647
3256523
7873787
1598951
1998991
3863683
3721273
9782879
7564657
9845489
1338331
1802081
1951591
3863683
3337333
7832387
1371731
3364633
9357539
1924291
3635363
7958597
7960697
3291923
7392937
1262621
7764677
9357539
1409041
3784873
7935397
1411141
1145411
1134311
1486841
9758579
9149419
1930391
1670761
1856581
9732379
3893983
1062601
7669667
7190917
3558553
1611161
1583851
7820287
1714171
9110119
1884881
9980899
7519157
1328231
7693967
7644467
7733377
1995991
7403047
9758579
7949497
3528253
3466643
7540457
7466647
3095903
1579751
1633361
3343433
3528253
7177717
3252523
3089803
9919199
3291923
7452547
7807087
9752579
7943497
3589853
1917191
1670761
3563653
7586857
1280821
7722277
7957597
9586859
1250521
1777771
7938397
9136319
3065603
7065607
3380833
7401047
1362631
9919199
9634369
1496941
1085801
1565651
1180811
3635363
3515153
1327231
3590953
9477749
9709079
3716173
9173719
3452543
9601069
3065603
7115117
9414149
3424243
1123211
1658561
7352537
3272723
1616161
7475747
3871783
9919199
3878783
1180811
1180811
1411141
1469641
9758579
3304033
3924293
1035301
1093901
9558559
1851581
7057507
3158513
1371731
3997993
1755571
9103019
3089803
9561659
1008001
9414149
1371731
3774773
3065603
1008001
3001003
3503053
7493947
3558553
3007003
1328231
7576757
1245421
1235321
7696967
9601069
1411141
1831381
9822289
1981891
3135313
9632369
1235321
3307033
3924293
9338339
7267627
3181813
7392937
3181813
1988891
9795979
3026203
3158513
3267623
9809089
9852589
1055501
3680863
9818189
1988891
7409047
3515153
7508057
1447441
1714171
7733377
9217129
9046409
9965699
3460643
1335331
9927299
3487843
9700079
1842481
1598951
7747477
9217129
1589851
3589853
7807087
1880881
1556551
9397939
3380833
1633361
9046409
9965699
1411141
9902099
1583851
7600067
1360631
9781879
3001003
3075703
9110119
9095909
7129217
9400049
1748471
7977797
1338331
3291923
3218123
1628261
3331333
7096907
3871783
1643461
3867683
3871783
1895981
9610169
1134311
1761671
1988891
1390931
9280829
7941497
3670763
3804083
9470749
1565651
3310133
3310133
7562657
3680863
9645469
3466643
7600067
1035301
7594957
7750577
9439349
9770779
9709079
9209029
1878781
3140413
7381837
3073703
9788879
7519157
3607063
7347437
7783877
1412141
9754579
9776779
7985897
9836389
1178711
9110119
1035301
1175711
7913197
9095909
3558553
7654567
1196911
3064603
9320239
9837389
3181813
3804083
7764677
3836383
1968691
1643461
3444443
9446449
1463641
7884887
3946493
1879781
3304033
9493949
1253521
3391933
1734371
3001003
7057507
9067609
9332339
7831387
3553553
9136319
3762673
1903091
7256527
1730371
3708073
7403047
7472747
9837389
7884887
7489847
1422241
1832381
9414149
7996997
9547459
7843487
7718177
7794977
1456541
9727279
9255529
9645469
3998993
9526259
9128219
7873787
9907099
7041407
9889889
1456541
9400049
3918193
7576757
1193911
3072703
7984897
3315133
3444443
1338331
3016103
9896989
3927293
1242421
7069607
1630361
9269629
3187813
9889889
3283823
3541453
1513151
1630361
9095909
7668667
3746473
1957591
9754579
7486847
1597951
1876781
7115117
3812183
3439343
7654567
3155513
9852589
3541453
1257521
9043409
3441443
3441443
7250527
1363631
1280821
7302037
9711179
3460643
1412141
1273721
3698963
7392937
3447443
7145417
3228223
3439343
9200029
1851581
7057507
7115117
7774777
7665667
7778777
1657561
1008001
1737371
1412141
9837389
9493949
1028201
3773773
9965699
9477749
1520251
9149419
1412141
3586853
3768673
9037309
7314137
9286829
3806083
9585859
7850587
1245421
1469641
3503053
9820289
7256527
3441443
9095909
1280821
7475747
1120211
9318139
7065607
1589851
3447443
7977797
9601069
7300037
9446449
7622267
1464641
9446449
1684861
3836383
9529259
7046407
1884881
7415147
1748471
1748471
9711179
3804083
3256523
7093907
3392933
3196913
9318139
1035301
3258523
9400049
9788879
7278727
1957591
1093901
3293923
1958591
9781879
3586853
9604069
3774773
1988891
9351539
1245421
1513151
3781873
1908091
7897987
3460643
9978799
1826281
1826281
9602069
1879781
9095909
1657561
7278727
1881881
3065603
7249427
1311131
1968691
7527257
9128219
1411141
9709079
1208021
9318139
9932399
7035307
1134311
9896989
9495949
1600061
7941497
7261627
9820289
3187813
7865687
9230329
9980899
3784873
9743479
7084807
1489841
9042409
9042409
7365637
7681867
3594953
1456541
3765673
3964693
9504059
1820281
1126211
3353533
1878781
3804083
1452541
9932399
7069607
3878783
7987897
9076709
3291923
3291923
7960697
3517153
1685861
9127219
1565651
1409041
7819187
1600061
1134311
1805081
9110119
3365633
3241423
7347437
9384839
9788879
3166613
1981891
3946493
9657569
3166613
1343431
3591953
1496941
1958591
7774777
1208021
9634369
1065601
9927299
7611167
7832387
7466647
1300031
3211123
1062601
1422241
1981891
1557551
3569653
1688861
7540457
1970791
3241423
9932399
3016103
1878781
3362633
9493949
3256523
9271729
1917191
1936391
7941497
7466647
9935399
3621263
1984891
1129211
9927299
3867683
7868687
7194917
1343431
3305033
1085801
3991993
1120211
1278721
3869683
1300031
1022201
9845489
9709079
1452541
1082801
3618163
1242421
9978799
3601063
7930397
9871789
3293923
1190911
3689863
3258523
9269629
3362633
3222223
1082801
3728273
9277729
3607063
9624269
7073707
9965699
3983893
3466643
1640461
3441443
9174719
1976791
9782879
3449443
1941491
1273721
3594953
7041407
3942493
9451549
1333331
7519157
7666667
1583851
3439343
3427243
1281821
7115117
1335331
7693967
1712171
3065603
3487843
3769673
1273721
3743473
1876781
1984891
7155517
1883881
1447441
7194917
3288823
3558553
1609061
7794977
7850587
7772777
1490941
1908091
9820289
1876781
9173719
1695961
1958591
7155517
3212123
3487843
1134311
9822289
3927293
3621263
3293923
1300031
7758577
3095903
3211123
7401047
1532351
1707071
3241423
1464641
1362631
9015109
7485847
1262621
1003001
3964693
3670763
3997993
1881881
7014107
7960697
1657561
9577759
3258523
1826281
7666667
3417143
1486841
7733377
3643463
9871789
1611161
1823281
9556559
7832387
3768673
7069607
1998991
3994993
1114111
7774777
3343433
9776779
9989899
3773773
1865681
1093901
7324237
7381837
9128219
9938399
1842481
1092901
1688861
3938393
3291923
3196913
1276721
9770779
3503053
7690967
3447443
1712171
1842481
3558553
7518157
9902099
1951591
3553553
9935399
7300037
3716173
9927299
1422241
3931393
9318139
9470749
9902099
9223229
3899983
1178711
7722277
1611161
1748471
7794977
7508057
3064603
9657569
7093907
1970791
1280821
9042409
1580851
7891987
1970791
9440449
7843487
3427243
7977797
7507057
7758577
3768673
9927299
9414149
1600061
9109019
9626269
9212129
3970793
3863683
3784873
3337333
1535351
7622267
7960697
3709073
7865687
7935397
7073707
1594951
1957591
9776779
9318139
3553553
1335331
7821287
7733377
7073707
9128219
9076709
7865687
7118117
1755571
1712171
7177717
1657561
7041407
1343431
9733379
7960697
1043401
1633361
1242421
7984897
1951591
1371731
3899983
7807087
7324237
7466647
3858583
1970791
1437341
9529259
3026203
1988891
7819187
1335331
9583859
9223229
1658561
1829281
3007003
9845489
1250521
3698963
1360631
7913197
7873787
3016103
1884881
3773773
3991993
7873787
9602069
3994993
1117111
1695961
7742477
7046407
7324237
9230329
9852589
3095903
7674767
3443443
9526259
7984897
9758579
9818189
7392937
1548451
7310137
9822289
1654561
7564657
9586859
1335331
7434347
3728273
7977797
3321233
7750577
1984891
7508057
1853581
3319133
1193911
9923299
1371731
3768673
1853581
7065607
3291923
3927293
7933397
7158517
3517153
9888889
7388837
1730371
7486847
1924291
9923299
9965699
1215121
9529259
3016103
9128219
9781879
3867683
3236323
7434347
9439349
7257527
7215127
3466643
3709073
7632367
1941491
9743479
3698963
9439349
7136317
9223229
7310137
7314137
3743473
3942493
9732379
3997993
7352537
7436347
1832381
3380833
9439349
9980899
9042409
9419149
1180811
9269629
3181813
3380833
3187813
3089803
3285823
9795979
3528253
9223229
7190917
9196919
9179719
9318139
1565651
7347437
1177711
9817189
7388837
9230329
7791977
1469641
1262621
9037309
7250527
7073707
3618163
9787879
3241423
7611167
3380833
1660661
7354537
1456541
3072703
1924291
3916193
1062601
9091909
3991993
3256523
3160613
3193913
1793971
3267623
1881881
3768673
9907099
1055501
1820281
3806083
3806083
7118117
9045409
1360631
9732379
3762673
9091909
3160613
7493947
7365637
7718177
3487843
1542451
7794977
7985897
1881881
7114117
9493949
9610169
1409041
9495949
9200029
9787879
1755571
7630367
9492949
7521257
1685861
3065603
3970793
1951591
7134317
9724279
9817189
3380833
1976791
1646461
3196913
9601069
7619167
1630361
7564657
1145411
7096907
1924291
9818189
3773773
7873787
9743479
3016103
7778777
1748471
7388837
3913193
1957591
3218123
1883881
1520251
1532351
7750577
1273721
3075703
9727279
9067609
3485843
3443443
3073703
3198913
3792973
3485843
1186811
9375739
9492949
1646461
3728273
1074701
9329239
1268621
9230329
1628261
3689863
9845489
7519157
9076709
9604069
7654567
3869683
7466647
9200029
3590953
3166613
9329239
1777771
1597951
7696967
7041407
1280821
7084807
9440449
3916193
1055501
1409041
3391933
7354537
9067609
1963691
7134317
1276721
1437341
3746473
9271729
3836383
1486841
7300037
7949497
7562657
7069607
9230329
1903091
3212123
3864683
1278721
9711179
3842483
9818189
7527257
1695961
7619167
7949497
3198913
7014107
1456541
1853581
3181813
1988891
9923299
1583851
9451549
1311131
7324237
1074701
7521257
3916193
3814183
3991993
3563653
1117111
9586859
7409047
3541453
7696967
1594951
3812183
7772777
1987891
9477749
1303031
3528253
3443443
9896989
1917191
7278727
3337333
9770779
9231329
1995991
3305033
7913197
9209029
1909091
7155517
9199919
9758579
1597951
1129211
1657561
1654561
1993991
7118117
9217129
3331333
3155513
3728273
7913197
9871789
3964693
3331333
3853583
7527257
7014107
9921299
1035301
1126211
3717173
1390931
7508057
9446449
9927299
9046409
7831387
1303031
1976791
3964693
1881881
3643463
3998993
9280829
7729277
7084807
9324239
9727279
1193911
1469641
1748471
7041407
9787879
9495949
7696967
1654561
7439347
7783877
1085801
3553553
1178711
1456541
7867687
9632369
7278727
7669667
9758579
1823281
1343431
3443443
7935397
7493947
3365633
1878781
9440449
7324237
7943497
9724279
7985897
9782879
3329233
9820289
1328231
7354537
3829283
3364633
1712171
3329233
1856581
3193913
3479743
9470749
7267627
1598951
3026203
1129211
3222223
1903091
7100017
3331333
3337333
3337333
9781879
1082801
9136319
1777771
3073703
1065601
9709079
9231329
3485843
1660661
3444443
3353533
7747477
7957597
3001003
3635363
7674767
9173719
1984891
7949497
3258523
3002003
3245423
7409047
7654567
7938397
7562657
1390931
9046409
3449443
7938397
1407041
7250527
9727279
9845489
7392937
7087807
7035307
3016103
3304033
9209029
3026203
3763673
7194917
7096907
9042409
9889889
3411143
1958591
1993991
3689863
1328231
7302037
3310133
7935397
7347437
1243421
1250521
1917191
1600061
9762679
1215121
7772777
9978799
9781879
1003001
1802081
7401047
1496941
7177717
7873787
1748471
3424243
7215127
3380833
9758579
7069607
9896989
9493949
1981891
7856587
9907099
7035307
1486841
3417143
7354537
3444443
1114111
7987897
3452543
9585859
9752579
3541453
7156517
1117111
9024209
3072703
7540457
1250521
7084807
3722273
3337333
3425243
1684861
3160613
3392933
7155517
3075703
3743473
3447443
3424243
7115117
1734371
7941497
9583859
1658561
3222223
3331333
7466647
7943497
1654561
3228223
9620269
3256523
1658561
7159517
1469641
9889889
3343433
1311131
7619167
9217129
1409041
1987891
9918199
9822289
3400043
7401047
9981899
3452543
1126211
3089803
1055501
7261627
3315133
7897987
1957591
7057507
1183811
3485843
9049409
7729277
3924293
1411141
7365637
3646463
7401047
7493947
1550551
9002009
7310137
7261627
3918193
1532351
9332339
1490941
1802081
9645469
9230329
9351539
9351539
7518157
1160611
9788879
1093901
3075703
1998991
7897987
1074701
3211123
9927299
9981899
7764677
3064603
7996997
1598951
1594951
9169619
9169619
3272723
3769673
7452547
3181813
7850587
7996997
1630361
7938397
7594957
3601063
9493949
7564657
9439349
3135313
1186811
3970793
7820287
9045409
7256527
7246427
7843487
7327237
7250527
1250521
7941497
9414149
7916197
9926299
3380833
1145411
7681867
1208021
9585859
1215121
1853581
9978799
1286821
9602069
9935399
1371731
9286829
1594951
7843487
1245421
3769673
9231329
9477749
3680863
3964693
9916199
1160611
3072703
7985897
9709079
3315133
3127213
7226227
3452543
1970791
7644467
9807089
1245421
1714171
1609061
9492949
1486841
3065603
1777771
1969691
7592957
1093901
7750577
9921299
7079707
3441443
1969691
1532351
1611161
3717173
9902099
3293923
1160611
7722277
9526259
1805081
7519157
1303031
9980899
9770779
3241423
3784873
7941497
7519157
1557551
7507057
9015109
1092901
1924291
3329233
1520251
9514159
3304033
9173719
7035307
1879781
3938393
7014107
7666667
7696967
1952591
7819187
3607063
9845489
7592957
7158517
7644467
3869683
7065607
9787879
7949497
9907099
1611161
3103013
9419149
9209029
7347437
9932399
9002009
7630367
3223223
1463641
9414149
1490941
7758577
1190911
1120211
7118117
9526259
1489841
1730371
1884881
9217129
1895981
7941497
9624269
1936391
9384839
3899983
1909091
1268621
1371731
9329239
7669667
3814183
1737371
3591953
7401047
1856581
3285823
1190911
1909091
7619167
9935399
7666667
1360631
9037309
9037309
7693967
9795979
3765673
3064603
7758577
3918193
9196919
9375739
9185819
9179719
9758579
9907099
3618163
1335331
3260623
9837389
7461647
9926299
1969691
1317131
1884881
1930391
1245421
1630361
3590953
3680863
3135313
3135313
7807087
1628261
7508057
7436347
1611161
7985897
3773773
9185819
3799973
1043401
7832387
1343431
1802081
1390931
3689863
1572751
9357539
1129211
3997993
1268621
1215121
9179719
1150511
3443443
1579751
9817189
7783877
3635363
1160611
3732373
9916199
3931393
9902099
9289829
7611167
3804083
3964693
3924293
3765673
1074701
7215127
7865687
3256523
9495949
3938393
9433349
1218121
7729277
7508057
7527257
1055501
1598951
1520251
7190917
7087807
3635363
1268621
7644467
1489841
3621263
9709079
3983893
1447441
7082807
3228223
1712171
7666667
9577759
9733379
7136317
9495949
1215121
1842481
1177711
7014107
1120211
1190911
7527257
1035301
1437341
9918199
1447441
3864683
3643463
9762679
9451549
3964693
9923299
1982891
7865687
7891987
3563653
3362633
3091903
7868687
1114111
9357539
3089803
7600067
7669667
3364633
3716173
3485843
3515153
9610169
3812183
1245421
1936391
7489847
9558559
9583859
3964693
3913193
3212123
1684861
7485847
9787879
3466643
1374731
3417143
9724279
3392933
1831381
9223229
9801089
3072703
7155517
7096907
3260623
7681867
7093907
1093901
3228223
7159517
9709079
7930397
9149419
3223223
7729277
3621263
1970791
7300037
1660661
1748471
7194917
1670761
7778777
1335331
9320239
3871783
7668667
9212129
1469641
3233323
3026203
9271729
7778777
9935399
9504059
1278721
7141417
3329233
1003001
9332339
3075703
1117111
7669667
9318139
7891987
3075703
1022201
7865687
1508051
7434347
1456541
3073703
3646463
3938393
9670769
1160611
7518157
3293923
1257521
3853583
3487843
9200029
3946493
7865687
3503053
1856581
3236323
1218121
3864683
7611167
1685861
7518157
1028201
9758579
1374731
3286823
1183811
7392937
7984897
7327237
1257521
3716173
1311131
3621263
3091903
9801089
3983893
1611161
3621263
3913193
3155513
7949497
9645469
9076709
7226227
3158513
3479743
9752579
3198913
3517153
3948493
1390931
9926299
7758577
3769673
3310133
3728273
7696967
7527257
9045409
9091909
1333331
1317131
7249427
3187813
3187813
7733377
1853581
7540457
3635363
7630367
9169619
3970793
3829283
1820281
3793973
3065603
9492949
7821287
3258523
9419149
9586859
1633361
9727279
7681867
9230329
9128219
1303031
3444443
3541453
7654567
1969691
1120211
9529259
1793971
3293923
7722277
7246427
7778777
3864683
7114117
3288823
9045409
1930391
7158517
1145411
9752579
7665667
7619167
9980899
3075703
3792973
9724279
3528253
9801089
9632369
9931399
3470743
7600067
9758579
9384839
7403047
3400043
3927293
3994993
3722273
7527257
3918193
9280829
9269629
7493947
7897987
9419149
3591953
1043401
3211123
7035307
9269629
9179719
3591953
9645469
7622267
1823281
7527257
7935397
3763673
3449443
3267623
1508051
9357539
9624269
3528253
7249427
1235321
9908099
1884881
1407041
1190911
7362637
7527257
9357539
1262621
1242421
3646463
1469641
1880881
3160613
3158513
1583851
1452541
1412141
3717173
9320239
9199919
1878781
7867687
3627263
7774777
1583851
7118117
7868687
7177717
7134317
1333331
3646463
9046409
9795979
3842483
3196913
1123211
9558559
7865687
7041407
3427243
1712171
3836383
1407041
3089803
1043401
9076709
9822289
9556559
7278727
1823281
3233323
7783877
9601069
3427243
1714171
3869683
3721273
1730371
1640461
7819187
1273721
3392933
9043409
7750577
9583859
9209029
3793973
7693967
1640461
7576757
1338331
9620269
9788879
3181813
9446449
1362631
7821287
1876781
9255529
9504059
1917191
3001003
1371731
1712171
9908099
3256523
9529259
1737371
3970793
3343433
3291923
7935397
1490941
3563653
1464641
7690967
1903091
3983893
3065603
3732373
1987891
7783877
3460643
9095909
7935397
1407041
7381837
3016103
3260623
3863683
9110119
3223223
3589853
3286823
9604069
9217129
9921299
3353533
9547459
1853581
3417143
3228223
1163611
3722273
3305033
7807087
7807087
3181813
7093907
9919199
1909091
9978799
3267623
9222229
3256523
1456541
3256523
3267623
1129211
7519157
3853583
1987891
7065607
1856581
1957591
7820287
9015109
3089803
7302037
3218123
3391933
3541453
3283823
9280829
9128219
3768673
9583859
3746473
7087807
7794977
7977797
9185819
7913197
7622267
3680863
9477749
7267627
3252523
7485847
7665667
3768673
7666667
1748471
7100017
7662667
1824281
3621263
7747477
7729277
3869683
1028201
7540457
9024209
9209029
1957591
3444443
3228223
7782877
3893983
9440449
9907099
7764677
1703071
9338339
9470749
7452547
9923299
3293923
9419149
1712171
9888889
1908091
1390931
1278721
7354537
9222229
3424243
7093907
1287821
9547459
3569653
7475747
9743479
1508051
9400049
3487843
1805081
3272723
3181813
9217129
7838387
9714179
1362631
9277729
1987891
3365633
1129211
7644467
7434347
3362633
9908099
1092901
1178711
1730371
1970791
1654561
3858583
1535351
1598951
7778777
1748471
9255529
3319133
9604069
1190911
3964693
9045409
7783877
7540457
3319133
3913193
9782879
3315133
9169619
1175711
3196913
9174719
3001003
7136317
1250521
7666667
7347437
7715177
3765673
7783877
9626269
3291923
1215121
1998991
1881881
9932399
3670763
9504059
3924293
1970791
1461641
3368633
1003001
3635363
3867683
3864683
9700079
1748471
3781873
9978799
1028201
1851581
9073709
3589853
7693967
9809089
3319133
1654561
7987897
1215121
9626269
9556559
7783877
1958591
7134317
3916193
9110119
7324237
3319133
1970791
7594957
1580851
9807089
3089803
3343433
3781873
7093907
9577759
9015109
7941497
9015109
7666667
9820289
3946493
7750577
1532351
1196911
9916199
3716173
1853581
7156517
3252523
7256527
7662667
7141417
7156517
7314137
9918199
9902099
3938393
3470743
7226227
7324237
1820281
1409041
7507057
1338331
3158513
3293923
3503053
1245421
7354537
9433349
3867683
7729277
7941497
1180811
1022201
7715177
3007003
9470749
1276721
1390931
1714171
9624269
3198913
9754579
3743473
1469641
7819187
7392937
7540457
7729277
3716173
3553553
9754579
1712171
3479743
1175711
1343431
9375739
3443443
7831387
3307033
3353533
7564657
9871789
1411141
3773773
7938397
3065603
1987891
7226227
9558559
7096907
3228223
7666667
7136317
1878781
1883881
7662667
9781879
1043401
9222229
3016103
1123211
9493949
1878781
1842481
7141417
3286823
9024209
7668667
3479743
1941491
9601069
3127213
9046409
9871789
7276727
1654561
3746473
3515153
7622267
1456541
7586857
3466643
9935399
1074701
7718177
3670763
3942493
1580851
3590953
3083803
3424243
9547459
7158517
3563653
1556551
7036307
3806083
3528253
3135313
3842483
3072703
7729277
3460643
3680863
7362637
3743473
9212129
1178711
1186811
9185819
7933397
7696967
1831381
9357539
9902099
1447441
7310137
1660661
3594953
9807089
9173719
1208021
3717173
9836389
7145417
3444443
3594953
1826281
3763673
3343433
1703071
3948493
7485847
7156517
3763673
1092901
1153511
9271729
9318139
1535351
3441443
1924291
7508057
1842481
3863683
9169619
7493947
7733377
7035307
1123211
3222223
7774777
1957591
9788879
3305033
1160611
9439349
3417143
9514159
7158517
9076709
7562657
1688861
3946493
1092901
7913197
3558553
1123211
9149419
1957591
7036307
3743473
9217129
7750577
3353533
1958591
9173719
3590953
1865681
3211123
7508057
1707071
1287821
3773773
9078709
9320239
7388837
1303031
3089803
9743479
7758577
1793971
1583851
1883881
7276727
3721273
9127219
3589853
9577759
3106013
1684861
1878781
1456541
7958597
9042409
7742477
7354537
3721273
1824281
9015109
3643463
1186811
3305033
9110119
1390931
1532351
1557551
9610169
1532351
7622267
7831387
1879781
7856587
7527257
1469641
3878783
1300031
3946493
1851581
9127219
1245421
3392933
9957599
1215121
1969691
9801089
3460643
7564657
7690967
3305033
3291923
9779779
9357539
9754579
9932399
3938393
3260623
7843487
1178711
7632367
3001003
3368633
7662667
3283823
3709073
9923299
9980899
1343431
3140413
3252523
3392933
3594953
7276727
1970791
3853583
3304033
7145417
1153511
1444441
3878783
3916193
1982891
3304033
3212123
7057507
1257521
3155513
3774773
1508051
9002009
3716173
7957597
9585859
9779779
3155513
9926299
3444443
7868687
3222223
1988891
3878783
1278721
3233323
9127219
3425243
1278721
9015109
1714171
9439349
3427243
3698963
7564657
9919199
3627263
3680863
1508051
9801089
1856581
7392937
1633361
1043401
1300031
3444443
9073709
1565651
3627263
1777771
7949497
7681867
3064603
1879781
9529259
3799973
7096907
7472747
3002003
3106013
3517153
3515153
3635363
3218123
7409047
9822289
7114117
9222229
3065603
3443443
1572751
7831387
3439343
3722273
3708073
7461647
3452543
9529259
3812183
3621263
3091903
9492949
9149419
9286829
7778777
7352537
1761671
1995991
3193913
1761671
1303031
1976791
9923299
9414149
3589853
1958591
7267627
9788879
7873787
9965699
7868687
7100017
3252523
3072703
3449443
9845489
3948493
9583859
3329233
1851581
9788879
3487843
9269629
9024209
7190917
3563653
1551551
1557551
1824281
7452547
3541453
7118117
1532351
1734371
1123211
7987897
1242421
9495949
7916197
7930397
3938393
3826283
9375739
7681867
1930391
9788879
1589851
7261627
7324237
3321233
1865681
7159517
1598951
1748471
3007003
9758579
9927299
3392933
3569653
3948493
3103013
9280829
1824281
9269629
3627263
7507057
3329233
3814183
7758577
1657561
7867687
7310137
1646461
7057507
9918199
9414149
9583859
9916199
3258523
7069607
7310137
1486841
9889889
7079707
9049409
7820287
1183811
3001003
1589851
1022201
9076709
3319133
9601069
3447443
7960697
1941491
9397939
3942493
7611167
9836389
7159517
3337333
3721273
1600061
7764677
1969691
1589851
9375739
1829281
1117111
9896989
3158513
1257521
1936391
3643463
3812183
1616161
9185819
9888889
7452547
1865681
1883881
3618163
9733379
3026203
3228223
7093907
3716173
1286821
1452541
9634369
1276721
1145411
7035307
7807087
9926299
1707071
1390931
1654561
7715177
3155513
1183811
1589851
1831381
7791977
1714171
9095909
9932399
9329239
3258523
1177711
1879781
1463641
1489841
7764677
9043409
3140413
1903091
7082807
9169619
3485843
3728273
3441443
1250521
3867683
7696967
3228223
9932399
3924293
3026203
9957599
9931399
3558553
3994993
7729277
9199919
3196913
1300031
1374731
1630361
3291923
1333331
3607063
7884887
3931393
7082807
1879781
3241423
9222229
9795979
3769673
3765673
3964693
9724279
7084807
7461647
1970791
9670769
3515153
9320239
3569653
7159517
7977797
9711179
9921299
3768673
3304033
1628261
1734371
3127213
1409041
9351539
9779779
1572751
3553553
7987897
1557551
1764671
1793971
3304033
9916199
1160611
3746473
7388837
7475747
9271729
7100017
9357539
3916193
1257521
3007003
7838387
3594953
3732373
7576757
9807089
1145411
9645469
1714171
9938399
9318139
3256523
7933397
1123211
1412141
7562657
3331333
1407041
9495949
3601063
9320239
9196919
1548451
1643461
1175711
7215127
9110119
1287821
9888889
1371731
7807087
3233323
9024209
3774773
3321233
9585859
1748471
1490941
3002003
3198913
7930397
3103013
7666667
9451549
7943497
1730371
7521257
9109019
1486841
7014107
7831387
1008001
1998991
1456541
9414149
7136317
7611167
9185819
1074701
7141417
1924291
9526259
1903091
3362633
1823281
7838387
9871789
7821287
3140413
9073709
9620269
7654567
9932399
9329239
3964693
3106013
1572751
1958591
1300031
3380833
3931393
1880881
7300037
1820281
3698963
9932399
3621263
9338339
7388837
7586857
7873787
3646463
3792973
9199919
9782879
1422241
1600061
9324239
7592957
3155513
9209029
1508051
1362631
1411141
9779779
1611161
7831387
1550551
7489847
7930397
1878781
3829283
1175711
7985897
9657569
9037309
7592957
9918199
7226227
7668667
1287821
1513151
9173719
7327237
3443443
7562657
1793971
7820287
7226227
1969691
9733379
7662667
3007003
9223229
3337333
9043409
9271729
1437341
7036307
3804083
3774773
7084807
1532351
3913193
9889889
9888889
7674767
3160613
7041407
9807089
7873787
1328231
3368633
9727279
7436347
1895981
1832381
1496941
1178711
1572751
3321233
3804083
3722273
1278721
3487843
1963691
3722273
7093907
3470743
7527257
7831387
3223223
7519157
3746473
7669667
1235321
3853583
7388837
3158513
3863683
3931393
1670761
3485843
1129211
9585859
3964693
3643463
3362633
7718177
7868687
1412141
3007003
3709073
3091903
9073709
3479743
1958591
3591953
3871783
9289829
7662667
1437341
7300037
3391933
1363631
7821287
7783877
1335331
7884887
1823281
7215127
3793973
1908091
9136319
9223229
9037309
7401047
1551551
3293923
7065607
1278721
3804083
7057507
9209029
7856587
1820281
3970793
7619167
7996997
3607063
9547459
1082801
9329239
1695961
3829283
7949497
9927299
3218123
3774773
1486841
9908099
1842481
9173719
9547459
9809089
1755571
7302037
7115117
3198913
1287821
9255529
9626269
3228223
7783877
1028201
7114117
1281821
3064603
7194917
1853581
3140413
7996997
9822289
1764671
1409041
9776779
3447443
9529259
9037309
7100017
1362631
9650569
7472747
1250521
9223229
7884887
1764671
1734371
1550551
3286823
7592957
9149419
7250527
1993991
1957591
1755571
3075703
7750577
7778777
1235321
9762679
3792973
1823281
1134311
3089803
1832381
3708073
7665667
1055501
1793971
3717173
1513151
7087807
7381837
1909091
1878781
9136319
7115117
7729277
9916199
7791977
7041407
1257521
1028201
1074701
3007003
1761671
7592957
7041407
9787879
9918199
1820281
1262621
9711179
1548451
1802081
7778777
1976791
9733379
9078709
7832387
1317131
9526259
9076709
7381837
9477749
3447443
7084807
1062601
7145417
1513151
1853581
9817189
3106013
7669667
1422241
9200029
1982891
9286829
3260623
1548451
1257521
3198913
3002003
9558559
1598951
9110119
7665667
1730371
3310133
1832381
9357539
9602069
9632369
3563653
7718177
7300037
1092901
7630367
9078709
3689863
7141417
1908091
3187813
1273721
7764677
7485847
3913193
7276727
1755571
9927299
7521257
1178711
1982891
9277729
1212121
1957591
9433349
1930391
7747477
7276727
1580851
3286823
1881881
9103019
1968691
7696967
9558559
7134317
9269629
9749479
3466643
3765673
9280829
7257527
1982891
3842483
3365633
1684861
9776779
7302037
7630367
9196919
1489841
1842481
1114111
1930391
3007003
9185819
7392937
7958597
9351539
9931399
1390931
3089803
7715177
7729277
1936391
9634369
9037309
9002009
3689863
7136317
7226227
3479743
3589853
9919199
3466643
7540457
3212123
1160611
3211123
9670769
3826283
3591953
3842483
1609061
7868687
7938397
3267623
3241423
1490941
1565651
3260623
7409047
3916193
3627263
3867683
7276727
7291927
3517153
7930397
9091909
3991993
9091909
7856587
7324237
9446449
9230329
3517153
3443443
1253521
9916199
7347437
7129217
9604069
1196911
3256523
1447441
7715177
1193911
1660661
3970793
9820289
1513151
3618163
9078709
1884881
7256527
1163611
7933397
1456541
3781873
9714179
7508057
3256523
9230329
9776779
3991993
1936391
1903091
1600061
1550551
3444443
7096907
7276727
1242421
1879781
3470743
3781873
1832381
3814183
1280821
9770779
7838387
9809089
9397939
1464641
7278727
3258523
3517153
3627263
1580851
7831387
1532351
1178711
9601069
7666667
7949497
7666667
1243421
9686869
7873787
3722273
1556551
7850587
1535351
1685861
9577759
9451549
9173719
7082807
3769673
9732379
3223223
9919199
9338339
7693967
3769673
7041407
1764671
1734371
1703071
3607063
3938393
9776779
9329239
1250521
3452543
1952591
7519157
9888889
9626269
7134317
1287821
1630361
1343431
3558553
1597951
7521257
9015109
1851581
1490941
7327237
1150511
7362637
1609061
7134317
1208021
3591953
3765673
1335331
9419149
3899983
7324237
1688861
9174719
9896989
9711179
1160611
7073707
7527257
1982891
3732373
3196913
7838387
1969691
9037309
1823281
1883881
9558559
9758579
3793973
1824281
3487843
7267627
7690967
3002003
1183811
7600067
9585859
1761671
3680863
1532351
1160611
7291927
7507057
7436347
7439347
3594953
1628261
1212121
7226227
1941491
1826281
9529259
3400043
3252523
9109019
9776779
3768673
1328231
3864683
3563653
9419149
3443443
1884881
1660661
3286823
3283823
9624269
3863683
1145411
7693967
9762679
1180811
7774777
1278721
1695961
3193913
3698963
7868687
9179719
7619167
9989899
1490941
3479743
3193913
3621263
9888889
3258523
1134311
9762679
1145411
1802081
1535351
9046409
3304033
3400043
1257521
7778777
1908091
7507057
7897987
1597951
7592957
1160611
7250527
1643461
7324237
7278727
9927299
7485847
3938393
3285823
7564657
7392937
9601069
3878783
1658561
7913197
1186811
7156517
7084807
1777771
1452541
1884881
1881881
3792973
1550551
1177711
1984891
3343433
3590953
3007003
9762679
7436347
9601069
3329233
3329233
1824281
3218123
9632369
9091909
9384839
9558559
1452541
1183811
3893983
3310133
9620269
1303031
9758579
9809089
7388837
9852589
7600067
3763673
3095903
3417143
3155513
7291927
9700079
3722273
3601063
3913193
7669667
3364633
1856581
7466647
7619167
3065603
7436347
1995991
3698963
9836389
7996997
9200029
1579751
9495949
1646461
1008001
1212121
1988891
1963691
9199919
1658561
9286829
7758577
7365637
7865687
9414149
3589853
9332339
1463641
7518157
9277729
1548451
7486847
3425243
9127219
1589851
3964693
1755571
1594951
3075703
1609061
7850587
3286823
3673763
7758577
7403047
9357539
9809089
7257527
1444441
3768673
7246427
9754579
9289829
7156517
1988891
3781873
3680863
3709073
9980899
9978799
7401047
3007003
9965699
7718177
3946493
1093901
3252523
7807087
1684861
1583851
1995991
3774773
9822289
9754579
7347437
1878781
7415147
9902099
9073709
1513151
7665667
3236323
3026203
9046409
1273721
7564657
1437341
7996997
9504059
7772777
7996997
1957591
3441443
9556559
1360631
3072703
7246427
1218121
3256523
1343431
3439343
3267623
1300031
7594957
7600067
1853581
3364633
9743479
9822289
7540457
7392937
3709073
9779779
1092901
1186811
7594957
1452541
7791977
1085801
1924291
1824281
9561659
1186811
9700079
1865681
7576757
9076709
7807087
3218123
3283823
9451549
9889889
1660661
3196913
1688861
1951591
3127213
3670763
7518157
1338331
9493949
1737371
1883881
9451549
1221221
9049409
9577759
7850587
1335331
7774777
9709079
3233323
7662667
7821287
1643461
1548451
3140413
1594951
9770779
1670761
1957591
1660661
9927299
3331333
1193911
7226227
7977797
9529259
9169619
7439347
9495949
1082801
7733377
3998993
9561659
3998993
1831381
3517153
7750577
7246427
3222223
7600067
1805081
1640461
3288823
7958597
9042409
7190917
1657561
3007003
7654567
3689863
7069607
9957599
3768673
7794977
9558559
1993991
9357539
9185819
3541453
1941491
9433349
9504059
9852589
1594951
3424243
9577759
3427243
1548451
7388837
7521257
7913197
1496941
9037309
9446449
9610169
1793971
9585859
3722273
3343433
7586857
7096907
9907099
1262621
1981891
3503053
7619167
3970793
3272723
1280821
1117111
1193911
7046407
9916199
9632369
7764677
3065603
1461641
9626269
1984891
9179719
3893983
3762673
9045409
9776779
7084807
7884887
3717173
3075703
1981891
3781873
1982891
7772777
1535351
1374731
9230329
3364633
1917191
1883881
9577759
1998991
3245423
9604069
9807089
1958591
1362631
1685861
1793971
1535351
7662667
1407041
1658561
7136317
1865681
9634369
9749479
1958591
9419149
1556551
7347437
3285823
9561659
3913193
3768673
1730371
7644467
1508051
7764677
3392933
9752579
9493949
7644467
7772777
7644467
9042409
9103019
1437341
3746473
9529259
1447441
1917191
3732373
1201021
3607063
3439343
3329233
9921299
7118117
7600067
1201021
9212129
3016103
9024209
7747477
1908091
9758579
9743479
3127213
1074701
9845489
7868687
1984891
3007003
9907099
9042409
1520251
9845489
7403047
3970793
9820289
9916199
1407041
9433349
7403047
1178711
3762673
1218121
9110119
3517153
9477749
9320239
1556551
7600067
7434347
1976791
9209029
7129217
1714171
3948493
1951591
7930397
3708073
1022201
1201021
7267627
9196919
3689863
7158517
9724279
1513151
1390931
7622267
1695961
1557551
7733377
7276727
1362631
9042409
3424243
9440449
1903091
3867683
3983893
9332339
3938393
3343433
1600061
9836389
7327237
7155517
9329239
9397939
1363631
3918193
3155513
9657569
3072703
3337333
9787879
3942493
1082801
7644467
9289829
9470749
7409047
7791977
7507057
1469641
1456541
7035307
1212121
1936391
1335331
7436347
7041407
7977797
7838387
9277729
1551551
1218121
7884887
3460643
3586853
9324239
7136317
7100017
3517153
1287821
7096907
3590953
3528253
1883881
1028201
1823281
7041407
3103013
9916199
1114111
3319133
3315133
9477749
3589853
7662667
7300037
1551551
9222229
3997993
7865687
7354537
1777771
1654561
9173719
9110119
3368633
3026203
1245421
1824281
3863683
1660661
1490941
1930391
9439349
3095903
7832387
1695961
9046409
7354537
1941491
7941497
9926299
9212129
9902099
1542451
1826281
9046409
1987891
3863683
3746473
1280821
7850587
3589853
1333331
1909091
3804083
1126211
7696967
7291927
3065603
1082801
9585859
1824281
9128219
7156517
9269629
9173719
7930397
9200029
9174719
1878781
1190911
7843487
7715177
3127213
7715177
3515153
1981891
1640461
1490941
9209029
7867687
7115117
1486841
7324237
9149419
1452541
1685861
1557551
3964693
9787879
3293923
9923299
3252523
1958591
1150511
9173719
9136319
9586859
3319133
9586859
1734371
1998991
1987891
1734371
7873787
3026203
7409047
1548451
3424243
1930391
9277729
7354537
9015109
1714171
1160611
1856581
3927293
9440449
7257527
3722273
3329233
7434347
9067609
7194917
9103019
7250527
1190911
7073707
9046409
1311131
1685861
7562657
3425243
3670763
1278721
9714179
3781873
1469641
1878781
7778777
1390931
9577759
9801089
1856581
7507057
3064603
9980899
3998993
1777771
3913193
3135313
9820289
7949497
7996997
7850587
3635363
1598951
1957591
9067609
7401047
1970791
1268621
1600061
9024209
3425243
7586857
7758577
9073709
3487843
9209029
7519157
7084807
9109019
3286823
1186811
1557551
7276727
1215121
1085801
3746473
9916199
9749479
9932399
9989899
3439343
7521257
9504059
9907099
7177717
7935397
3938393
9269629
3607063
7783877
7693967
1550551
7832387
9650569
9845489
3743473
1908091
9788879
9981899
9045409
7314137
7145417
3591953
3083803
9727279
7434347
1463641
3487843
9037309
1463641
1422241
7354537
9989899
1343431
7519157
7327237
1550551
1993991
1646461
3310133
1550551
3291923
9446449
1951591
1114111
1215121
1993991
9185819
9686869
1909091
1831381
1335331
9980899
9965699
7452547
1707071
3329233
9935399
7177717
1343431
9043409
1374731
7079707
3590953
1646461
7715177
1082801
9980899
1958591
7466647
1145411
7669667
9733379
9037309
7665667
9724279
3836383
9280829
9329239
9561659
7867687
3073703
9583859
9871789
7527257
7155517
7256527
1879781
9657569
1150511
7856587
7087807
9779779
1085801
3444443
7155517
3212123
9787879
9624269
1630361
3673763
1988891
7249427
3283823
palindromes:  99282
primes:  6717
